1,	-3.64769712	
2,	-4.23624117	
3,	-4.95397782	
4,	-5.70361387	
5,	-6.37031146	
6,	-6.84720759	
7,	-7.06731349	
8,	-7.02424929	
9,	-6.76745907	
10,	-6.39104608	
11,	-6.01463308	
12,	-5.74667807
13,	-5.66214464	
14,	-5.77538753	
15,	-6.03377273	
16,	-6.32086738	
17,	-6.48514933	
18,	-6.36552655	
19,	-5.83918635	
20,	-4.84392487	
21,	-3.38612199	
22,	-1.53117151	
23,	0.61884848	
24,	2.95548001	
25,	5.3846198	
26,	7.82811434	
27,	10.21578491	
28,	12.4838327	
29,	14.55569915	
30,	16.35163573	
31,	17.79827381	
32,	18.84776429	
33,	19.47618259	
34,	19.70904826	
35,	19.59580537	
36,	19.21141752	
37,	18.6372282	
38,	17.94341611	
39,	17.18580521	
40,	16.39469993	
41,	15.5796701	
42,	14.73114589	
43,	13.8331776	
44,	12.87141049	
45,	11.84743955	
46,	10.78837925	
47,	9.73569884	
48,	8.75319712	
49,	7.90945782	
50,	7.26668478	
51,	6.86634723	
52,	6.72598984	
53,	6.82966292	
54,	7.13430225	
55,	7.56334926	
56,	8.02270072	
57,	8.39911371	
58,	8.57775039	
59,	8.45653264	
60,	7.96687675	
61,	7.09123805	
62,	5.87268072	
63,	4.41328288	
64,	2.84702202	
65,	1.33020525	
66,	-0.00956982	
67,	-1.09733958	
68,	-1.91396439	
69,	-2.49772352	
70,	-2.91720072	
71,	-3.24257466	
72,	-3.51690956	
73,	-3.73701546	
74,	-3.85504327	
75,	-3.78805451	
76,	-3.44194595	
77,	-2.73218416	
78,	-1.59975523	
79,	-0.02551953	
80,	1.96500344	
81,	4.29685005	
82,	6.84401765	
83,	9.42467963	
84,	11.82510996	
85,	13.8060631	
86,	15.15540799	
87,	15.73597719	
88,	15.51746625	
89,	14.59238347	
90,	13.16169509	
91,	11.49176116	
92,	9.8505367	
93,	8.45493767	
94,	7.43096673	
95,	6.81849812	
96,	6.5776576	
97,	6.63029163	
98,	6.88389191	
99,	7.25392502	
100,	7.67340222	
101,	8.08649953	
102,	8.44696282	
103,	8.71651281	
104,	8.87760481	
105,	8.93342877	
106,	8.92704889	
107,	8.92066901	
108,	8.98446782	
109,	9.17107935	
110,	9.49007341	
111,	9.89200593	
112,	10.27639378	
113,	10.51404436	
114,	10.49171477	
115,	10.13603639	
116,	9.45657903	
117,	8.52990128	
118,	7.50114542	
119,	6.52502358	
120,	5.74189316	
121,	5.25383224	
122,	5.09912012	
123,	5.26499703	
124,	5.69563902	
125,	6.30651265	
126,	6.99553983	
127,	7.66383239	
128,	8.20931224	
129,	8.5554208	
130,	8.65271399	
131,	8.50597672	
132,	8.16943799	
133,	7.74517588	
134,	7.35281318	
135,	7.11037769	
136,	7.0832632	
137,	7.27146969	
138,	7.60481849	
139,	7.96049687	
140,	8.20133739	
141,	8.22047704	
142,	7.96687675	
143,	7.46286613	
144,	6.77543392	
145,	5.99708841	
146,	5.20598313	
147,	4.4499672	
148,	3.74658528	
149,	3.1006223	
150,	2.52324305	
151,	2.03837207	
152,	1.67471884	
153,	1.4562079	
154,	1.37805436	
155,	1.40516885	
156,	1.48491737	
157,	1.56626086	
158,	1.6284647	
159,	1.67950375	
160,	1.75606232	
161,	1.89322977	
162,	2.10536082	
163,	2.36693596	
164,	2.62372618	
165,	2.81193268	
166,	2.88849125	
167,	2.84702202	
168,	2.73218416	
169,	2.62053624	
170,	2.59820665	
171,	2.74015901	
172,	3.08945751	
173,	3.64929209	
174,	4.38297844	
175,	5.22512277	
176,	6.09119166	
177,	6.88389191	
178,	7.50433536	
179,	7.86001374	
180,	7.88553327	
181,	7.5505895	
182,	6.87591705	
183,	5.93647954	
184,	4.84711481	
185,	3.75775008	
186,	2.79598297	
187,	2.05591674	
188,	1.5694508	
189,	1.30947063	
190,	1.19941768	
191,	1.14040378	
192,	1.04630053	
193,	0.85490409	
194,	0.55504967	
195,	0.16587691	
196,	-0.26157513	
197,	-0.66988753	
198,	-1.01440112	
199,	-1.27438129	
200,	-1.4562079	
201,	-1.5854005	
202,	-1.70183333	
203,	-1.84697563	
204,	-2.04953686	
205,	-2.3270617	
206,	-2.68114511	
207,	-3.10540722	
208,	-3.58230334	
209,	-4.09907373	
210,	-4.64295861	
211,	-5.20917307	
212,	-5.79133724
213,	-6.3846662	
214,	-6.98437504	
215,	-7.5665392	
216,	-8.10244923	
217,	-8.54425601	
218,	-8.83932552	
219,	-8.92704889	
220,	-8.75638706	
221,	-8.29384567	
222,	-7.52985489	
223,	-6.48514933	
224,	-5.21555295	
225,	-3.81357404	
226,	-2.39564542	
227,	-1.09574461	
228,	-0.04146923	
229,	0.66510262	
230,	0.96814698	
231,	0.87404374	
232,	0.44659169	
233,	-0.19937129	
234,	-0.92348782	
235,	-1.58221056	
236,	-2.0527268	
237,	-2.25369306	
238,	-2.1548049	
239,	-1.76882209	
240,	-1.14678366	
241,	-0.36684317	
242,	0.47370619	
243,	1.26959638	
244,	1.92512918	
245,	2.36374602	
246,	2.55673742	
247,	2.52962293	
248,	2.36853093	
249,	2.19627413	
250,	2.14842502	
251,	2.31908685	
252,	2.74334895	
253,	3.37336223	
254,	4.11023852	
255,	4.83276007	
256,	5.44044377	
257,	5.88384551	
258,	6.15818041	
259,	6.28737301	
260,	6.29694283	
261,	6.19486473	
262,	5.96040409	
263,	5.5728263	
264,	5.02256154	
265,	4.32874945	
266,	3.53126429	
267,	2.70506966	
268,	1.91555936	
269,	1.22174727	
270,	0.67148251	
271,	0.30304436	
272,	0.14195236	
273,	0.19618135	
274,	0.43383193	
275,	0.7847254	
276,	1.12764402	
277,	1.31744549	
278,	1.22653218	
279,	0.77675055	
280,	-0.00956982	
281,	-1.01599609	
282,	-2.04953686	
283,	-2.88689628	
284,	-3.33986785	
285,	-3.30158856	
286,	-2.78162824	
287,	-1.90120462	
288,	-0.859689	
289,	0.11483786	
290,	0.81981475	
291,	1.1340239	
292,	1.03673071	
293,	0.61087363	
294,	0.02551953	
295,	-0.5103905	
296,	-0.79429522	
297,	-0.67626742	
298,	-0.1020781	
299,	0.88520853	
300,	2.14045017	
301,	3.45470572	
302,	4.5951095	
303,	5.35750531	
304,	5.60632068	
305,	5.30008638	
306,	4.49622134	
307,	3.33029803	
308,	1.98892799	
309,	0.66510262	
310,	-0.4784911	
311,	-1.33977507	
312,	-1.89322977	
313,	-2.18351437	
314,	-2.311112	
315,	-2.39883536	
316,	-2.5583324	
317,	-2.86935161	
318,	-3.35741253	
319,	-4.00178054	
320,	-4.74982162	
321,	-5.54252187	
322,	-6.32724726	
323,	-7.0720984	
324,	-7.76272055	
325,	-8.39592377	
326,	-8.96054326	
327,	-9.44541424	
328,	-9.83618197	
329,	-10.13125148	
330,	-10.35135738	
331,	-10.54753873	
332,	-10.79156919	
333,	-11.17117213	
334,	-11.7533363	
335,	-12.5699611	
336,	-13.59393205	
337,	-14.74231068	
338,	-15.88749937	
339,	-16.87957091	
340,	-17.59252264	
341,	-17.95139097	
342,	-17.95617588	
343,	-17.68981583	
344,	-17.2990481	
345,	-16.96569931	
346,	-16.86043127	
347,	-17.11084161	
348,	-17.77434926	
349,	-18.82383973	
350,	-20.16680474	
351,	-21.64853217	
352,	-23.09676522	
353,	-24.34243704	
354,	-25.24838018	
355,	-25.7204914	
356,	-25.70932661	
357,	-25.21807575	
358,	-24.28661308	
359,	-22.97554748	
360,	-21.36941236	
361,	-19.54476632	
362,	-17.573383	
363,	-15.50789643	
364,	-13.38020602	
365,	-11.2158313	
366,	-9.0498616	
367,	-6.9381209	
368,	-4.97790237	
369,	-3.28563886	
370,	-1.98095314	
371,	-1.14518869	
372,	-0.78632037	
373,	-0.83097954	
374,	-1.12445408	
375,	-1.47534755	
376,	-1.69545345	
377,	-1.65238925	
378,	-1.28873602	
379,	-0.62841831	
380,	0.25360028	
381,	1.2520517	
382,	2.27123774	
383,	3.23140987	
384,	4.07674414	
385,	4.76258138	
386,	5.24266745	
387,	5.45639347	
388,	5.35750531	
389,	4.91091362	
390,	4.12299828	
391,	3.05277319	
392,	1.79753155	
393,	0.48327601	
394,	-0.77037067	
395,	-1.8756851	
396,	-2.7784383	
397,	-3.46268057	
398,	-3.93000687	
399,	-4.19636692	
400,	-4.28409028	
401,	-4.22667135	
402,	-4.07993408	
403,	-3.91884208	
404,	-3.81676398	
405,	-3.83111871	
406,	-3.96988113	
407,	-4.18520212	
408,	-4.38457341	
409,	-4.45794205	
410,	-4.30641987	
411,	-3.87099297	
412,	-3.14687644	
413,	-2.17234958	
414,	-1.01440112	
415,	0.24562543	
416,	1.52957654	
417,	2.76886848	
418,	3.90608232	
419,	4.90612871	
420,	5.76900765	
421,	6.53140347	
422,	7.26189987	
423,	8.04343533	
424,	8.93980865	
425,	9.9637796	
426,	11.06271415	
427,	12.11060965	
428,	12.95115901	
429,	13.42805513	
430,	13.4408149	
431,	12.9623238	
432,	12.04840581	
433,	10.8234686	
434,	9.4422243	
435,	8.06735988	
436,	6.83763777	
437,	5.85832599	
438,	5.17727366	
439,	4.80245564	
440,	4.68123789	
441,	4.70835239	
442,	4.73865682	
443,	4.60946423	
444,	4.18520212	
445,	3.3749572	
446,	2.17872946	
447,	0.67945736	
448,	-0.96814698	
449,	-2.57109216	
450,	-3.9443616	
451,	-4.95716776	
452,	-5.54252187	
453,	-5.71477866	
454,	-5.53454701	
455,	-5.08636035	
456,	-4.44518229	
457,	-3.65886192	
458,	-2.74653889	
459,	-1.7145931	
460,	-0.56780943	
461,	0.66510262	
462,	1.93629397	
463,	3.18515573	
464,	4.35426898	
465,	5.4117343	
466,	6.36393158	
467,	7.25233005	
468,	8.15508325	
469,	9.14715479	
470,	10.29393845	
471,	11.61297891	
472,	13.07078178	
473,	14.57164885	
474,	15.96724789	
475,	17.06777741	
476,	17.68343595	
477,	17.64196672	
478,	16.83491174	
479,	15.24153639	
480,	12.94318416	
481,	10.11530178	
482,	7.01467947	
483,	3.92362699	
484,	1.11966917	
485,	-1.18027804	
486,	-2.84861699	
487,	-3.86620806	
488,	-4.31758466	
489,	-4.37340862	
490,	-4.26654561	
491,	-4.23783614	
492,	-4.51057607	
493,	-5.23469259	
494,	-6.46600968	
495,	-8.14870337	
496,	-10.1248716	
497,	-12.15686379	
498,	-13.98629475	
499,	-15.37710887	
500,	-16.16342924	
501,	-16.2782671	
